35533232
38023097
35526543
38004591
38024458
38013071
38015006
35211672
35555368
38017138
35305596
38016776
35582216
35543560
00696458
35559603
38001542
35575805
38046307
38023764
35568359
3714
38007845
00270510
35494057
35516168
00530520
38004092
35591846
35588975
38017355
35500753
35594179
35571635
38045610
38001486
38024124
38045983
00194261
38005237
38013938
38024111
38007751
38016777
38025410
35569480
38040952
35336420
38022211
38008774
35510519
35580647
38046522
35542554
35526275
38024720
35504526
38013093
0721
35422312
35589346
35275185
35525137
38005122
7423
35582624
35282838
35552418
38030327
35577127
38025874
38007910
38004274
38024237
35578810
35576387
00514282
38022094
35134183
